Проверка устойчивости прогонки
Строгое диагональное преобладание в 1-й строке: True
Строгое диагональное преобладание в последней строке: True
Строгое диагональное преобладание в средних строках: True
Прогонка устойчива (достаточное условие выполнено).

Метод наискорейшего спуска: сошёлся за 1737 итераций.
Максимальная невязка: 1.56e-05

Таблица значений y_i :
| i | x | y_прогонка | y_спуск |
|---|---|---|---|
| 1 | 0.0250 | -0.0000080106 | -0.0000779923 |
| 2 | 0.0500 | 0.0000729314 | -0.0000663039 |
| 3 | 0.0750 | 0.0003222527 | 0.0001151617 |
| 4 | 0.1000 | 0.0008098854 | 0.0005369808 |
| 5 | 0.1250 | 0.0015962948 | 0.0012602279 |
| 6 | 0.1500 | 0.0027325071 | 0.0023364946 |
| 7 | 0.1750 | 0.0042601369 | 0.0038079094 |
| 8 | 0.2000 | 0.0062114149 | 0.0057071595 |
| 9 | 0.2250 | 0.0086092141 | 0.0080575115 |
| 10 | 0.2500 | 0.0114670743 | 0.0108728333 |
| 11 | 0.2750 | 0.0147892258 | 0.0141576154 |
| 12 | 0.3000 | 0.0185706103 | 0.0179069914 |
| 13 | 0.3250 | 0.0227969000 | 0.0221067581 |
| 14 | 0.3500 | 0.0274445140 | 0.0267333939 |
| 15 | 0.3750 | 0.0324806329 | 0.0317540764 |
| 16 | 0.4000 | 0.0378632105 | 0.0371266983 |
| 17 | 0.4250 | 0.0435409832 | 0.0427998813 |
| 18 | 0.4500 | 0.0494534771 | 0.0487129891 |
| 19 | 0.4750 | 0.0555310133 | 0.0547961373 |
| 20 | 0.5000 | 0.0616947110 | 0.0609702031 |
| 21 | 0.5250 | 0.0678564882 | 0.0671468320 |
| 22 | 0.5500 | 0.0739190621 | 0.0732284434 |
| 23 | 0.5750 | 0.0797759465 | 0.0791082340 |
| 24 | 0.6000 | 0.0853114493 | 0.0846701816 |
| 25 | 0.6250 | 0.0904006684 | 0.0897890418 |
| 26 | 0.6500 | 0.0949094866 | 0.0943303603 |
| 27 | 0.6750 | 0.0986945660 | 0.0981504361 |
| 28 | 0.7000 | 0.1016033420 | 0.1010964119 |
| 29 | 0.7250 | 0.1034740170 | 0.1030060409 |
| 30 | 0.7500 | 0.1041355535 | 0.1037082250 |
| 31 | 0.7750 | 0.1034076672 | 0.1030217987 |
| 32 | 0.8000 | 0.1011008202 | 0.1007580803 |
| 33 | 0.8250 | 0.0970162144 | 0.0967157984 |
| 34 | 0.8500 | 0.0909457846 | 0.0906904851 |
| 35 | 0.8750 | 0.0826721918 | 0.0824582646 |
| 36 | 0.9000 | 0.0719688172 | 0.0718016297 |
| 37 | 0.9250 | 0.0585997563 | 0.0584719784 |
| 38 | 0.9500 | 0.0423198126 | 0.0422385722 |
| 39 | 0.9750 | 0.0228744925 | 0.0228322701 |
